_C_195b_56540f3f_24 84 0 45 0 0 0 0 0 0 0 
_C_195b_56540f3f_18 84 0 46 0 0 0 0 0 0 0 
_C_195b_56540f3f_19 84 0 54 0 0 0 0 0 0 0 
_C_195b_56540f3f_2d 84 0 55 0 0 0 0 0 0 0 
_C_195b_56540f3f_1e 84 0 56 0 0 0 0 0 0 0 
_C_195b_56540f3f_25 84 0 53 0 0 0 0 0 0 0 
_C_195b_56540f3f_11 cc 0 60 1 0 69732058 0 6f757420 0 70757368 
_C_195b_56540f3f_2a 84 0 5f 0 0 0 0 0 0 0 
_C_195b_56540f3f_1c 84 0 60 0 0 0 0 0 0 0 
_C_195b_56540f3f_30 84 0 12c 0 0 0 0 0 0 0 0 0 0 0 0 0 0 0 0 0 0 0 0 0 
_C_195b_56540f3f_21 84 0 12d 0 0 0 0 0 0 0 0 0 0 0 0 0 0 0 0 0 0 0 0 0 
_C_195b_56540f3f_1d 84 0 74 0 0 0 0 0 0 0 0 0 
_C_195b_56540f3f_5 8c 0 8 0 0 72 
_C_195b_56540f3f_2b 84 0 73 0 0 0 0 0 0 0 0 0 
_C_195b_56540f3f_27 84 0 7c 0 0 0 0 0 0 0 0 0 
_C_195b_56540f3f_1a 84 0 7d 0 0 0 0 0 0 0 0 0 
_C_195b_56540f3f_2e 84 0 7e 0 0 0 0 0 0 0 0 0 
_C_195b_56540f3f_1f 84 0 7f 0 0 0 0 0 0 0 0 0 
_C_195b_56540f3f_10 cc 0 110 1 0 64617461 0 65637420 0 20657870 0 6f6e2774 0 20492064 0 20616e64 0 73686564 0 75207075 0 596f 
_C_195b_56540f3f_2f 84 0 20f 0 0 0 0 0 0 0 0 0 0 0 0 0 0 0 0 0 0 0 0 0 0 0 0 0 0 0 0 0 0 0 0 0 0 0 
_C_195b_56540f3f_12 cc 0 b8 1 0 686f7574 0 20707573 0 65206f6e 0 2074696d 0 686f6c64 0 4e6f20 
_C_195b_56540f3f_3 8c 0 a8 0 0 65640a0a 0 6661696c 0 696f6e20 0 756c6174 0 a53696d 0 a 
_C_195b_56540f3f_20 84 0 210 0 0 0 0 0 0 0 0 0 0 0 0 0 0 0 0 0 0 0 0 0 0 0 0 0 0 0 0 0 0 0 0 0 0 0 
_C_195b_56540f3f_16 84 0 dc 0 0 0 0 0 0 0 0 0 0 0 0 0 0 0 
_C_195b_56540f3f_23 84 0 15a 0 0 0 0 0 0 0 0 0 0 0 0 0 0 0 0 0 0 0 0 0 0 0 
_C_195b_56540f3f_29 84 0 19a 0 0 0 0 0 0 0 0 0 0 0 0 0 0 0 0 0 0 0 0 0 0 0 0 0 0 0 
_C_195b_56540f3f_17 84 0 15b 0 0 0 0 0 0 0 0 0 0 0 0 0 0 0 0 0 0 0 0 0 0 0 
_C_195b_56540f3f_1b 84 0 19b 0 0 0 0 0 0 0 0 0 0 0 0 0 0 0 0 0 0 0 0 0 0 0 0 0 0 0 
_C_195b_56540f3f_22 84 0 db 0 0 0 0 0 0 0 0 0 0 0 0 0 0 0 
_C_195b_56540f3f_f cc 0 78 1 0 616e2058 0 20697320 0 686f7574 0 507573 
_C_195b_56540f3f_1 8c 0 28 0 0 a0a0a0a 0 a 
_C_195b_56540f3f_13 cc 0 b8 1 0 616f7574 0 20646174 0 65206f6e 0 2074696d 0 686f6c64 0 4e6f20 
_C_195b_56540f3f_7 8c 0 38 0 0 2e766364 0 736538 
_C_195b_56540f3f_c 8c 0 58 0 0 68202568 0 25682025 0 257320 
_C_195b_56540f3f_e 8c 0 70 0 0 2072756e 0 20746865 0 64206f66 0 456e 
_C_195b_56540f3f_4 8c 0 50 0 0 2e747874 0 73657338 0 6361 
_C_195b_56540f3f_15 cc 0 190 1 0 73756c74 0 79207265 0 6820616e 0 20707573 0 646e2774 0 75206469 0 6420796f 0 7320616e 0 6c6f636b 0 30302063 0 65642031 0 77616974 0 4920 
_C_195b_56540f3f_a 8c 0 178 0 0 64202568 0 65697665 0 20726563 0 64202568 0 65637465 0 20657870 0 202d2d2d 0 72726f72 0 74612065 0 64206461 0 65697665 0 526563 
_C_195b_56540f3f_d 8c 0 98 0 0 66696c65 0 61736520 0 65642063 0 72757074 0 436f72 
_C_195b_56540f3f_14 84 0 20 0 0 0 
_C_195b_56540f3f_9 84 0 20 0 0 1 
_C_195b_56540f3f_6 8c 0 1a0 0 0 74617274 0 746f2073 0 6c656420 0 20666169 0 74696f6e 0 6d756c61 0 74205369 0 382e7478 0 61736573 0 656e2063 0 74206f70 0 64206e6f 0 436f756c 
_C_195b_56540f3f_b 8c 0 40 0 0 68202568 0 25732025 
_C_195b_56540f3f_8 84 0 20 0 0 2 
_C_195b_56540f3f_2c 84 0 2a 0 0 0 0 0 
_C_195b_56540f3f_28 84 0 37 0 0 0 0 0 
_C_195b_56540f3f_26 84 0 3c 0 0 0 0 0 
_C_195b_56540f3f_2 8c 0 1e8 0 0 3d3d3d3d 0 3d3d3d3d 0 3d3d3d3d 0 3d3d3d3d 0 3d3d3d3d 0 3d3d3d3d 0 3d3d3d3d 0 3d3d3d3d 0 3d3d3d3d 0 3d3d3d3d 0 3d3d3d3d 0 3d3d3d3d 0 3d3d3d3d 0 3d3d3d3d 0 3d3d3d3d 0 3d 
_C_195b_56540f3f_32 84 0 3f 0 0 0 0 0 
_C_195b_56540f3f_31 84 0 3b 0 0 0 0 0 
